=== Run information ===

Scheme:       weka.classifiers.misc.InputMappedClassifier -I -trim -W weka.classifiers.functions.SimpleLinearRegression
Relation:     completed_train_-weka.filters.unsupervised.attribute.Remove-R2-3
Instances:    922
Attributes:   5
              ARM
              Excedente
              PRECIPITACAO
              TEMPERATURA
              ETo
Test mode:    user supplied test set:  size unknown (reading incrementally)

=== Classifier model (full training set) ===

InputMappedClassifier:

Linear regression on ARM

-0.06 * ARM + 8.15

Predicting 0 if attribute value is missing.

Attribute mappings:

Model attributes        	    Incoming attributes
------------------------	    ----------------
(numeric) ARM           	--> 1 (numeric) ARM
(numeric) Excedente     	--> 4 (numeric) Excedente
(numeric) PRECIPITACAO  	--> 5 (numeric) PRECIPITACAO
(numeric) TEMPERATURA   	--> 6 (numeric) TEMPERATURA
(numeric) ETo           	--> 7 (numeric) ETo


Time taken to build model: 0 seconds

=== Predictions on test set ===

inst#,actual,predicted,error
1,5.572,7.314,1.741
2,4.139,7.359,3.22
3,6.214,7.422,1.208
4,6.451,7.482,1.031
5,5.535,7.53,1.995
6,7.776,7.591,-0.185
7,6.309,7.636,1.327
8,5.051,7.67,2.619
9,7.322,7.715,0.393
10,8.104,7.76,-0.344
11,7.252,7.796,0.544
12,6.241,7.824,1.584
13,7.794,7.857,0.063
14,6.003,7.879,1.877
15,6.077,7.901,1.824
16,7.554,7.925,0.37
17,5.922,7.942,2.02
18,6.131,7.959,1.828
19,5.066,7.971,2.905
20,7.642,7.989,0.346
21,6.343,8.002,1.659
22,8.365,8.018,-0.347
23,6.144,8.028,1.883
24,6.949,8.039,1.089
25,6.77,8.049,1.279
26,6.472,8.057,1.585
27,6.491,8.065,1.574
28,5.6,8.071,2.472
29,6.361,8.078,1.717
30,6.915,8.085,1.169
31,5.252,8.089,2.837
32,7.127,8.095,0.968
33,7.39,8.1,0.71
34,8.617,8.106,-0.511
35,6.531,8.11,1.579
36,8.124,8.114,-0.01
37,7.781,8.118,0.337
38,6.696,8.121,1.425
39,7.659,8.124,0.465
40,8.545,8.127,-0.418
41,7.797,8.129,0.332
42,8.062,8.132,0.07
43,8.83,8.134,-0.696
44,10.561,8.136,-2.425
45,7.736,8.138,0.402
46,7.735,8.139,0.404
47,9.945,8.141,-1.804
48,8.304,8.142,-0.161
49,6.274,8.143,1.869
50,4.905,8.144,3.238
51,7.06,8.144,1.085
52,7.434,8.145,0.711
53,5.662,8.146,2.484
54,9.838,8.146,-1.692
55,8.862,8.147,-0.714
56,7.553,8.148,0.594
57,9.024,8.148,-0.876
58,6.813,8.149,1.336
59,10.192,8.149,-2.043
60,9.996,8.149,-1.847
61,11.095,8.15,-2.945
62,6.088,8.15,2.062
63,6.517,8.15,1.633
64,7.58,8.15,0.571
65,8.512,8.151,-0.361
66,8.566,8.151,-0.416
67,10.085,8.151,-1.934
68,6.454,8.151,1.697
69,7.161,8.151,0.99
70,7.821,8.151,0.331
71,7.401,8.151,0.75
72,7.625,8.151,0.527
73,8.06,8.152,0.092
74,5.465,8.152,2.687
75,7.319,8.152,0.833
76,6.044,8.152,2.107
77,6.24,8.152,1.912
78,7.296,8.152,0.856
79,9.764,8.152,-1.612
80,7.908,8.152,0.244
81,7.603,8.152,0.549
82,6.539,8.152,1.613
83,7.645,8.152,0.507
84,8.602,8.152,-0.45
85,7.8,8.152,0.352
86,6.623,8.152,1.529
87,7.22,8.152,0.932
88,5.173,8.152,2.979
89,6.63,8.152,1.523
90,7.933,8.152,0.22
91,9.223,8.152,-1.071
92,7,8.152,1.152
93,7.922,8.152,0.231
94,13.724,8.152,-5.572
95,8.14,8.152,0.012
96,9.178,8.152,-1.026
97,5.873,8.152,2.279
98,6.522,8.152,1.631
99,6.759,8.152,1.393
100,8.179,8.152,-0.027
101,7.828,8.152,0.324
102,8.512,8.152,-0.36
103,7.277,8.152,0.875
104,8.922,8.152,-0.77
105,8.219,8.152,-0.066
106,11.868,8.152,-3.716
107,10.054,8.152,-1.901
108,9.755,8.152,-1.603
109,10.548,8.152,-2.396
110,9.344,8.152,-1.191
111,6.973,8.152,1.179
112,7.519,8.152,0.633
113,8.852,8.152,-0.7
114,9.601,8.152,-1.449
115,11.165,8.152,-3.013
116,9.277,8.152,-1.125
117,9.112,8.152,-0.96
118,8.361,8.152,-0.209
119,6.484,8.152,1.668
120,7.994,8.152,0.159
121,8.615,8.152,-0.463
122,8.957,8.152,-0.805
123,9.578,8.152,-1.426
124,8.434,8.152,-0.282
125,8.89,8.152,-0.738
126,9.245,8.152,-1.092
127,9.885,8.152,-1.733
128,9.607,8.152,-1.454
129,8.21,8.152,-0.058
130,11.36,8.152,-3.208
131,6.692,8.152,1.46
132,9.32,8.152,-1.167
133,9.466,8.152,-1.314
134,10.687,8.152,-2.534
135,9.259,8.152,-1.107
136,10.46,8.152,-2.307
137,5.366,8.152,2.786
138,7.392,8.152,0.761
139,5.364,8.152,2.788
140,7.023,8.152,1.129
141,9.214,8.152,-1.062
142,8.586,8.152,-0.434
143,6.036,8.152,2.116
144,6.535,8.152,1.618
145,7.059,8.152,1.094
146,7.829,8.152,0.323
147,9.038,8.152,-0.886
148,6.964,8.152,1.189
149,1.302,8.152,6.851
150,4.811,8.152,3.341
151,7.85,8.152,0.302
152,3.065,8.152,5.087
153,7.427,8.152,0.725
154,7.408,8.152,0.745
155,9.752,8.152,-1.6
156,8.89,8.152,-0.737
157,6.373,8.152,1.779
158,7.316,8.152,0.836
159,7.001,8.152,1.152
160,3.634,8.152,4.519
161,7.598,8.152,0.554
162,11.837,8.152,-3.684
163,9.591,8.152,-1.439
164,10.751,8.152,-2.599
165,7.972,8.152,0.181
166,5.214,8.152,2.938
167,2.277,8.119,5.842
168,6.342,8.121,1.78
169,8.306,8.125,-0.182
170,8.313,8.128,-0.186
171,10.325,8.131,-2.194
172,10.539,8.134,-2.405
173,8.461,8.136,-0.325
174,10.752,8.138,-2.615
175,10.341,8.14,-2.202
176,11.014,8.141,-2.872
177,9.375,8.143,-1.232
178,9.253,8.144,-1.11
179,8.931,8.145,-0.787
180,7.138,8.145,1.007
181,3.908,8.146,4.238
182,3.658,8.146,4.488
183,3.328,8.146,4.819
184,3.936,6.545,2.609
185,7.711,6.702,-1.009
186,5.591,6.806,1.216
187,4.746,5.18,0.434
188,4.432,4.371,-0.061
189,3.553,3.323,-0.23
190,4.638,3.612,-1.026
191,3.149,3.557,0.409
192,2.489,3.323,0.833
193,3.924,3.323,-0.601
194,5.038,3.636,-1.402
195,5.195,3.939,-1.257
196,6.517,4.289,-2.228
197,4.361,4.507,0.146
198,5.738,4.776,-0.962
199,4.846,4.987,0.141
200,2.3,5.083,2.783
201,3.927,5.239,1.312
202,5.689,5.452,-0.237
203,5.85,5.056,-0.794
204,5.544,5.277,-0.267
205,3.901,5.422,1.521
206,4.826,5.593,0.767
207,6.834,5.816,-1.018
208,3.275,5.915,2.64
209,3.887,6.028,2.142
210,3.116,6.115,2.999
211,2.378,5.882,3.503
212,3.088,5.681,2.593
213,6.267,5.879,-0.388
214,6.797,6.076,-0.72
215,7.712,6.279,-1.432
216,7.04,6.447,-0.593
217,7.055,6.6,-0.455
218,4.771,6.696,1.925
219,2.64,4.805,2.165
220,3.162,4.943,1.781
221,2.188,5.035,2.848
222,2.245,4.845,2.601
223,2.238,4.942,2.704
224,3.679,5.096,1.418
225,2.625,5.201,2.576
226,2.037,5.28,3.244
227,2.562,4.801,2.239
228,1.674,4.786,3.112
229,0.965,3.947,2.982
230,1.943,3.323,1.38
231,2.412,3.323,0.911

=== Evaluation on test set ===

Time taken to test model on supplied test set: 0.08 seconds

=== Summary ===

Correlation coefficient                  0.6448
Mean absolute error                      1.4608
Root mean squared error                  1.8583
Relative absolute error                 79.1539 %
Root relative squared error             79.5867 %
Total Number of Instances              231     

