=== Run information ===

Scheme:       weka.classifiers.misc.InputMappedClassifier -I -trim -W weka.classifiers.trees.M5P -- -M 4.0
Relation:     completed_train_-weka.filters.unsupervised.attribute.Remove-R2-3
Instances:    922
Attributes:   5
              ARM
              Excedente
              PRECIPITACAO
              TEMPERATURA
              ETo
Test mode:    user supplied test set:  size unknown (reading incrementally)

=== Classifier model (full training set) ===

InputMappedClassifier:

M5 pruned model tree:
(using smoothed linear models)

ARM <= 9.892 : 
|   TEMPERATURA <= 28.338 : 
|   |   ARM <= 0.059 : LM1 (94/99.534%)
|   |   ARM >  0.059 : LM2 (242/83.37%)
|   TEMPERATURA >  28.338 : LM3 (133/55.109%)
ARM >  9.892 : 
|   TEMPERATURA <= 26.006 : 
|   |   ARM <= 27.867 : LM4 (32/82.298%)
|   |   ARM >  27.867 : LM5 (61/36.494%)
|   TEMPERATURA >  26.006 : LM6 (360/64.148%)

LM num: 1
ETo = 
	-0.0376 * ARM 
	+ 0.001 * Excedente 
	- 0.0239 * PRECIPITACAO 
	- 0.0063 * TEMPERATURA 
	+ 9.6967

LM num: 2
ETo = 
	-0.1441 * ARM 
	+ 0.001 * Excedente 
	- 0.0136 * PRECIPITACAO 
	- 0.0063 * TEMPERATURA 
	+ 8.7212

LM num: 3
ETo = 
	-0.0189 * ARM 
	+ 0.001 * Excedente 
	- 0.0133 * PRECIPITACAO 
	+ 0.7679 * TEMPERATURA 
	- 14.7527

LM num: 4
ETo = 
	-0.0215 * ARM 
	+ 0.0147 * Excedente 
	- 0.2167 * PRECIPITACAO 
	+ 0.4263 * TEMPERATURA 
	- 4.1764

LM num: 5
ETo = 
	-0.0276 * ARM 
	+ 0.0095 * Excedente 
	- 0.0057 * PRECIPITACAO 
	+ 0.8531 * TEMPERATURA 
	- 16.8669

LM num: 6
ETo = 
	-0.0304 * ARM 
	+ 0.0603 * Excedente 
	- 0.0007 * PRECIPITACAO 
	+ 0.2231 * TEMPERATURA 
	+ 0.8487

Number of Rules : 6
Attribute mappings:

Model attributes        	    Incoming attributes
------------------------	    ----------------
(numeric) ARM           	--> 1 (numeric) ARM
(numeric) Excedente     	--> 4 (numeric) Excedente
(numeric) PRECIPITACAO  	--> 5 (numeric) PRECIPITACAO
(numeric) TEMPERATURA   	--> 6 (numeric) TEMPERATURA
(numeric) ETo           	--> 7 (numeric) ETo


Time taken to build model: 0.15 seconds

=== Predictions on test set ===

inst#,actual,predicted,error
1,5.572,6.655,1.083
2,4.139,6.386,2.247
3,6.214,6.664,0.451
4,6.451,6.377,-0.073
5,5.535,7.162,1.627
6,7.776,7.299,-0.476
7,6.309,7.398,1.089
8,5.051,7.471,2.42
9,7.322,7.576,0.254
10,8.104,7.676,-0.428
11,7.252,7.749,0.497
12,6.241,7.811,1.57
13,7.794,7.891,0.097
14,6.003,7.942,1.939
15,6.077,7.989,1.913
16,7.554,8.041,0.486
17,5.922,8.078,2.156
18,6.131,8.114,1.983
19,5.066,8.147,3.081
20,7.642,8.188,0.546
21,6.343,8.222,1.879
22,8.365,8.255,-0.11
23,6.144,8.272,2.127
24,6.949,8.303,1.353
25,6.77,8.318,1.548
26,6.472,8.336,1.864
27,6.491,8.357,1.865
28,5.6,8.369,2.77
29,6.361,8.38,2.019
30,6.915,8.398,1.483
31,5.252,8.403,3.151
32,7.127,8.424,1.298
33,7.39,8.429,1.039
34,8.617,8.455,-0.162
35,6.531,8.454,1.923
36,8.124,8.462,0.338
37,7.781,7.43,-0.352
38,6.696,8.477,1.781
39,7.659,8.484,0.826
40,8.545,8.493,-0.052
41,7.797,8.499,0.701
42,8.062,8.499,0.438
43,8.83,8.506,-0.324
44,10.561,8.511,-2.051
45,7.736,8.513,0.777
46,7.735,7.206,-0.53
47,9.945,7.052,-2.893
48,8.304,8.524,0.22
49,6.274,8.526,2.252
50,4.905,7.053,2.148
51,7.06,8.532,1.472
52,7.434,8.531,1.098
53,5.662,8.537,2.875
54,9.838,8.54,-1.298
55,8.862,7.131,-1.731
56,7.553,8.539,0.986
57,9.024,8.539,-0.485
58,6.813,8.539,1.726
59,10.192,7.055,-3.138
60,9.996,9.519,-0.477
61,11.095,7.055,-4.04
62,6.088,9.526,3.438
63,6.517,7.132,0.615
64,7.58,9.52,1.94
65,8.512,9.522,1.01
66,8.566,9.521,0.955
67,10.085,9.518,-0.567
68,6.454,9.519,3.065
69,7.161,9.52,2.359
70,7.821,7.055,-0.765
71,7.401,7.286,-0.115
72,7.625,9.519,1.894
73,8.06,7.132,-0.927
74,5.465,9.519,4.054
75,7.319,9.52,2.201
76,6.044,9.524,3.479
77,6.24,9.522,3.282
78,7.296,9.521,2.224
79,9.764,9.519,-0.245
80,7.908,7.056,-0.853
81,7.603,7.363,-0.24
82,6.539,9.522,2.983
83,7.645,9.521,1.876
84,8.602,9.523,0.922
85,7.8,9.52,1.72
86,6.623,9.521,2.898
87,7.22,9.52,2.3
88,5.173,9.525,4.351
89,6.63,9.52,2.891
90,7.933,9.52,1.588
91,9.223,7.286,-1.937
92,7,9.52,2.519
93,7.922,9.52,1.598
94,13.724,9.521,-4.203
95,8.14,9.521,1.381
96,9.178,7.286,-1.892
97,5.873,9.525,3.651
98,6.522,9.52,2.998
99,6.759,9.52,2.761
100,8.179,9.521,1.342
101,7.828,9.52,1.691
102,8.512,9.52,1.007
103,7.277,9.52,2.243
104,8.922,9.519,0.597
105,8.219,7.516,-0.702
106,11.868,7.977,-3.891
107,10.054,7.516,-2.537
108,9.755,7.516,-2.239
109,10.548,7.363,-3.186
110,9.344,7.363,-1.981
111,6.973,7.056,0.082
112,7.519,7.363,-0.156
113,8.852,7.056,-1.796
114,9.601,7.056,-2.546
115,11.165,7.593,-3.572
116,9.277,7.516,-1.76
117,9.112,7.286,-1.826
118,8.361,9.52,1.159
119,6.484,9.521,3.037
120,7.994,9.493,1.499
121,8.615,9.519,0.904
122,8.957,7.593,-1.364
123,9.578,7.824,-1.755
124,8.434,7.747,-0.687
125,8.89,7.209,-1.681
126,9.245,7.593,-1.651
127,9.885,7.286,-2.599
128,9.607,9.522,-0.085
129,8.21,7.133,-1.077
130,11.36,7.747,-3.613
131,6.692,7.67,0.978
132,9.32,7.516,-1.803
133,9.466,7.516,-1.949
134,10.687,8.592,-2.095
135,9.259,8.131,-1.129
136,10.46,7.575,-2.885
137,5.366,9.524,4.158
138,7.392,7.824,0.432
139,5.364,7.67,2.306
140,7.023,7.593,0.57
141,9.214,8.438,-0.776
142,8.586,7.593,-0.993
143,6.036,7.133,1.096
144,6.535,7.44,0.905
145,7.059,7.824,0.765
146,7.829,7.747,-0.082
147,9.038,7.824,-1.214
148,6.964,7.824,0.86
149,1.302,9.533,8.231
150,4.811,7.164,2.353
151,7.85,7.747,-0.103
152,3.065,9.53,6.465
153,7.427,7.04,-0.387
154,7.408,7.136,-0.272
155,9.752,7.516,-2.236
156,8.89,7.079,-1.811
157,6.373,9.52,3.147
158,7.316,9.523,2.207
159,7.001,9.52,2.519
160,3.634,9.524,5.89
161,7.598,7.63,0.032
162,11.837,7.593,-4.243
163,9.591,7.747,-1.844
164,10.751,7.44,-3.312
165,7.972,7.9,-0.071
166,5.214,9.523,4.309
167,2.277,8.451,6.174
168,6.342,8.48,2.138
169,8.306,8.483,0.177
170,8.313,8.489,0.176
171,10.325,7.203,-3.122
172,10.539,7.665,-2.874
173,8.461,7.281,-1.18
174,10.752,7.819,-2.933
175,10.341,7.973,-2.368
176,11.014,7.974,-3.04
177,9.375,8.128,-1.247
178,9.253,7.045,-2.208
179,8.931,7.898,-1.033
180,7.138,8.534,1.396
181,3.908,8.542,4.634
182,3.658,8.539,4.881
183,3.328,8.547,5.219
184,3.936,6.003,2.067
185,7.711,6.656,-1.055
186,5.591,6.549,0.958
187,4.746,5.514,0.768
188,4.432,4.896,0.463
189,3.553,2.995,-0.558
190,4.638,4.817,0.179
191,3.149,3.153,0.005
192,2.489,2.661,0.171
193,3.924,4.869,0.945
194,5.038,4.829,-0.209
195,5.195,4.994,-0.201
196,6.517,5.182,-1.335
197,4.361,5.285,0.924
198,5.738,5.456,-0.282
199,4.846,5.556,0.71
200,2.3,3.829,1.529
201,3.927,3.981,0.054
202,5.689,5.709,0.02
203,5.85,5.602,-0.248
204,5.544,5.693,0.149
205,3.901,5.516,1.615
206,4.826,5.82,0.994
207,6.834,5.943,-0.891
208,3.275,5.905,2.63
209,3.887,5.936,2.05
210,3.116,6.022,2.906
211,2.378,5.595,3.217
212,3.088,5.656,2.568
213,6.267,6.022,-0.245
214,6.797,6.227,-0.57
215,7.712,6.211,-1.501
216,7.04,6.558,-0.482
217,7.055,6.675,-0.38
218,4.771,6.229,1.458
219,2.64,5.09,2.45
220,3.162,5.424,2.262
221,2.188,5.445,3.257
222,2.245,5.218,2.973
223,2.238,5.156,2.917
224,3.679,5.451,1.773
225,2.625,5.523,2.898
226,2.037,3.229,1.192
227,2.562,3.623,1.061
228,1.674,5.113,3.439
229,0.965,2.154,1.19
230,1.943,3.086,1.143
231,2.412,2.52,0.109

=== Evaluation on test set ===

Time taken to test model on supplied test set: 0.08 seconds

=== Summary ===

Correlation coefficient                  0.4924
Mean absolute error                      1.7195
Root mean squared error                  2.1699
Relative absolute error                 93.1726 %
Root relative squared error             92.9322 %
Total Number of Instances              231     

